246034862735.59097
0.3838774437558215
319.2958853076784
73.20940216397703
3.408231185574551
0.0
196.7164895190036
0.99
400000
100
100
0.16666666666666666
-302460.00007335166
-302459.00007335166
-302457.9933931016
-302456.98635876074
-302455.97932441987
-302454.972290079
-302453.9652557381
-302452.95822139725
-302451.9511870563
-302450.94415271544
-302449.93711837457
-302448.9300840337
-302447.9230496928
-302446.91601535195
-302445.9089810111
-302444.9019466702
-302443.8949123293
-302442.88787798845
-302441.8808436476
-302440.8738093067
-302439.86677496583
-302438.85974062496
-302437.8527062841
-302436.8456719432
-302435.83863760234
-302434.83160326147
-302433.82456892054
-302432.81753457966
-302431.8105002388
-302430.8034658979
-302429.79643155704
-302428.78939721617
-302427.7823628753
-302426.7753285344
-302425.76829419355
-302424.7612598527
-302423.7542255118
-302422.7471911709
-302421.74015683006
-302420.7331224892
-302419.7260881483
-302418.71905380744
-302417.71201946656
-302416.70498512563
-302415.69795078476
-302414.6909164439
-302413.683882103
-302412.67684776214
-302411.66981342126
-302410.6627790804
-302409.6557447395
-302408.64871039864
-302407.64167605777
